301 191 4
301 204 4
301 269 4
301 283 4
301 423 4
301 484 4
301 515 4
301 604 4
302 243 3
302 269 4
302 286 5
302 313 5
302 315 4
302 326 4
302 328 4
302 333 4
302 678 3
303 258 5
303 268 4
303 269 3
303 294 5
303 300 5
303 303 4
303 305 4
303 325 4
303 333 4
303 340 3
303 682 4
303 995 4
304 64 5
304 143 5
304 194 5
304 245 5
304 286 5
304 418 5
304 480 5
304 492 5
304 604 5
304 606 5
304 705 5
305 137 4
305 272 4
305 327 4
305 650 4
305 651 4
305 750 4
305 886 4
306 121 5
306 126 4
306 127 5
306 151 3
306 252 4
306 289 4
306 405 4
306 924 4
307 111 4
307 118 3
307 181 5
307 220 4
307 252 2
307 258 5
307 298 4
307 301 3
307 471 5
307 476 4
307 546 4
307 845 4
307 926 4
308 245 3
308 288 3
308 300 5
308 873 3
308 879 3
309 268 5
309 270 4
309 292 3
309 300 5
309 302 5
309 310 4
309 313 5
309 332 2
309 346 4
309 682 2
309 690 4
309 880 2
310 21 3
310 94 4
310 181 4
310 240 2
310 300 5
310 596 4
310 597 4
311 64 5
311 111 3
311 151 4
311 251 4
311 257 5
311 272 5
311 750 4
311 751 4
312 1 3
312 9 5
312 100 5
312 129 3
312 268 5
312 276 3
312 286 5
312 300 4
312 742 5
313 243 2
313 286 5
313 288 2
313 310 4
313 313 5
313 315 5
313 323 4
313 333 4
313 748 4
314 258 4
314 272 5
314 288 5
314 319 4
314 362 4
314 882 3
314 891 3
315 243 4
315 259 4
315 288 5
315 294 5
315 321 5
315 339 4
315 342 4
315 359 4
315 410 4
315 597 4
315 687 4
315 875 4
315 988 4
316 14 5
316 237 5
316 245 4
316 272 5
316 313 5
316 321 4
316 676 3
317 272 4
317 315 5
317 316 5
317 319 3
317 345 3
318 98 5
318 173 4
318 245 4
318 269 3
318 286 5
318 288 5
318 294 5
318 301 4
318 313 3
318 315 4
318 347 3
318 752 3
319 271 3
319 288 4
319 289 4
319 301 5
319 304 4
319 308 3
319 310 4
319 331 4
319 338 2
319 877 2
319 938 3
319 989 3
320 269 5
320 271 4
320 288 5
320 294 5
320 300 3
320 305 4
320 325 4
320 327 2
320 333 2
320 343 4
320 890 3
321 100 5
321 150 5
321 151 4
321 168 5
321 191 5
321 194 5
321 198 4
321 205 4
321 222 3
321 276 3
321 288 5
321 313 5
321 682 4
321 902 3
322 1 5
322 24 4
322 147 4
322 254 3
322 405 4
322 410 4
322 471 4
322 473 3
322 742 4
323 100 5
323 264 4
323 328 4
323 456 4
323 687 4
323 876 4
323 881 4
323 948 4
324 245 4
324 270 4
324 289 4
324 294 4
324 309 2
324 322 4
324 328 4
324 879 4
325 237 5
325 271 4
325 278 3
325 288 5
325 298 4
325 300 4
325 313 5
325 328 4
325 343 3
325 682 3
325 742 4
325 763 4
326 13 4
326 25 4
326 100 5
326 111 4
326 116 4
326 150 3
326 235 4
326 283 4
326 306 3
326 476 4
326 756 4
327 258 5
327 300 4
327 303 4
327 319 2
327 333 4
327 334 4
328 14 4
328 50 4
328 222 5
328 258 5
328 748 4
328 832 4
328 845 4
329 245 4
329 264 4
329 268 3
329 322 4
329 323 4
329 328 4
329 354 4
329 678 3
329 748 4
329 879 3
330 259 4
330 267 4
330 268 5
330 301 3
330 306 4
330 333 3
330 338 2
330 346 4
330 682 4
330 751 3
330 879 2
331 1 5
331 5 5
331 7 5
331 8 5
331 9 5
331 11 5
331 12 5
331 22 5
331 31 5
331 38 5
331 53 5
331 54 5
331 56 5
331 70 5
331 73 5
331 77 5
331 79 5
331 82 5
331 95 4
331 96 4
331 97 4
331 98 4
331 105 5
331 106 5
331 117 5
331 118 5
331 120 5
331 121 5
331 122 5
331 123 5
331 125 5
331 127 4
331 144 5
331 156 5
331 159 5
331 172 4
331 174 5
331 181 4
331 182 5
331 204 3
331 210 4
331 218 5
331 222 5
331 227 5
331 228 5
331 229 5
331 230 5
331 232 5
331 233 5
331 234 5
331 235 5
331 237 5
331 240 5
331 249 5
331 255 5
331 257 4
331 258 5
331 264 5
331 265 4
331 271 5
331 273 5
331 282 5
331 288 5
331 291 5
331 293 5
331 294 5
331 295 5
331 298 5
331 300 5
331 307 5
331 313 5
331 322 5
331 323 5
331 326 5
331 327 4
331 328 5
331 332 5
331 333 5
331 342 5
331 356 5
331 369 5
331 370 5
331 405 5
331 406 5
331 409 5
331 410 5
331 449 5
331 450 5
331 451 5
331 452 5
331 456 5
331 470 5
331 546 5
331 566 5
331 595 5
331 597 5
331 628 5
331 651 3
331 655 5
331 660 3
331 673 5
331 679 5
331 684 5
331 693 5
331 696 5
331 728 5
331 746 3
331 756 5
331 763 5
331 770 3
331 815 5
331 824 5
331 827 5
331 831 5
331 833 5
331 840 5
331 841 5
331 845 5
331 866 5
331 871 5
331 879 3
331 895 5
331 928 5
331 931 5
331 934 5
331 975 5
331 978 5
331 982 5
331 983 5
332 88 2
332 153 3
332 168 4
332 180 3
332 186 4
332 269 4
332 294 4
332 315 4
332 316 4
332 435 5
332 513 4
332 748 4
332 873 2
333 4 4
333 7 5
333 8 5
333 9 5
333 12 5
333 13 3
333 19 3
333 20 3
333 22 5
333 23 5
333 28 5
333 42 4
333 50 5
333 52 5
333 56 5
333 58 3
333 59 5
333 61 4
333 68 4
333 69 4
333 70 4
333 72 3
333 73 4
333 74 4
333 77 3
333 79 5
333 81 4
333 86 4
333 89 5
333 91 3
333 93 3
333 95 3
333 98 5
333 100 5
333 111 4
333 115 5
333 116 5
333 117 4
333 124 5
333 125 4
333 127 5
333 131 4
333 132 5
333 134 5
333 135 5
333 143 3
333 150 4
333 153 4
333 154 5
333 155 4
333 160 3
333 163 4
333 164 4
333 168 5
333 169 5
333 170 5
333 171 3
333 172 5
333 173 5
333 174 5
333 175 5
333 176 4
333 181 5
333 182 3
333 183 5
333 185 5
333 186 4
333 191 5
333 196 5
333 197 5
333 200 4
333 203 5
333 204 5
333 207 4
333 210 5
333 213 3
333 216 5
333 217 4
333 220 4
333 221 4
333 222 3
333 223 5
333 224 5
333 225 4
333 227 4
333 228 4
333 229 4
333 230 4
333 231 4
333 235 4
333 237 4
333 238 5
333 239 3
333 244 4
333 245 5
333 248 4
333 250 4
333 255 4
333 257 3
333 258 4
333 265 5
333 268 4
333 269 5
333 271 4
333 272 5
333 275 5
333 276 3
333 277 4
333 282 3
333 283 4
333 285 5
333 286 5
333 287 5
333 288 5
333 289 5
333 293 4
333 297 4
333 300 3
333 301 5
333 303 5
333 305 5
333 306 5
333 310 4
333 311 4
333 312 4
333 313 5
333 315 5
333 316 5
333 317 3
333 318 5
333 319 3
333 322 4
333 324 4
333 326 3
333 328 5
333 333 5
333 337 4
333 338 4
333 340 5
333 345 4
333 346 3
333 347 3
333 371 4
333 396 4
333 405 4
333 408 5
333 421 4
333 423 5
333 425 4
333 428 5
333 429 5
333 430 5
333 433 3
333 436 5
333 443 5
333 449 3
333 450 4
333 461 3
333 462 3
333 474 5
333 475 4
333 476 4
333 481 3
333 483 5
333 484 5
333 485 4
333 488 4
333 494 5
333 498 5
333 500 5
333 502 5
333 505 3
333 506 5
333 508 4
333 510 5
333 512 5
333 514 4
333 515 5
333 521 4
333 525 5
333 529 5
333 537 3
333 553 4
333 558 3
333 566 3
333 577 4
333 582 4
333 591 4
333 603 5
333 606 5
333 607 3
333 620 4
333 628 3
333 629 4
333 631 4
333 634 5
333 635 4
333 640 4
333 642 3
333 652 4
333 655 5
333 657 5
333 658 3
333 663 3
333 675 5
333 678 4
333 684 4
333 689 4
333 693 4
333 707 3
333 708 4
333 709 5
333 710 4
333 712 4
333 716 3
333 736 5
333 740 4
333 742 3
333 744 3
333 746 4
333 753 4
333 762 4
333 792 4
333 815 4
333 840 4
333 845 3
333 846 4
333 855 5
333 856 5
333 865 5
333 870 4
333 877 4
333 879 4
333 886 5
333 887 5
333 888 4
333 896 3
333 899 4
333 902 4
333 905 4
333 906 4
333 922 5
333 931 4
333 936 5
333 937 5
333 945 5
333 950 4
333 955 5
333 961 3
333 969 3
334 245 4
334 258 5
334 269 4
334 288 5
334 307 4
334 313 5
334 324 3
334 342 2
334 347 3
334 748 4
334 902 4
335 3 2
335 4 5
335 13 4
335 15 5
335 26 3
335 33 4
335 41 3
335 42 4
335 49 4
335 56 5
335 66 4
335 67 3
335 88 4
335 94 4
335 100 5
335 105 3
335 111 4
335 117 5
335 121 5
335 122 3
335 124 5
335 125 4
335 151 5
335 153 5
335 154 5
335 158 3
335 168 5
335 186 5
335 202 5
335 208 5
335 216 5
335 232 3
335 237 5
335 239 4
335 275 5
335 276 5
335 282 4
335 284 3
335 290 4
335 367 4
335 383 3
335 388 2
335 395 3
335 401 3
335 405 4
335 410 4
335 451 4
335 475 4
335 546 3
335 571 3
335 577 3
335 619 4
335 628 4
335 655 5
335 692 4
335 710 2
335 722 4
335 732 4
335 738 3
335 742 4
335 762 4
335 763 2
335 765 3
335 780 2
335 781 4
335 785 3
335 790 4
335 796 4
335 824 3
335 859 3
335 864 2
335 959 4
335 998 3
335 999 4
336 15 5
336 50 5
336 106 3
336 121 5
336 127 5
336 181 5
336 228 5
336 230 3
336 235 4
336 257 4
336 371 3
336 380 4
336 392 4
336 515 5
336 520 4
336 631 4
336 742 4
336 831 4
337 1 3
337 56 5
337 79 5
337 83 4
337 132 5
337 133 3
337 134 5
337 135 5
337 168 5
337 170 5
337 174 5
337 175 5
337 180 4
337 189 5
337 194 3
337 204 4
337 208 4
337 211 5
337 212 4
337 213 5
337 215 4
337 216 4
337 269 4
337 294 4
337 301 4
337 306 4
337 310 4
337 435 5
337 443 4
337 462 3
337 474 5
337 480 5
337 483 5
337 484 5
337 486 3
337 488 4
337 490 4
337 494 3
337 498 5
337 511 5
337 513 3
337 514 5
337 516 4
337 523 5
337 525 5
337 582 3
337 604 3
337 607 3
337 613 5
337 650 3
337 654 5
337 708 4
337 792 4
337 945 4
338 1 5
338 4 5
338 5 5
338 7 5
338 11 5
338 12 5
338 22 4
338 23 5
338 25 5
338 28 5
338 29 5
338 30 5
338 32 3
338 42 5
338 47 5
338 50 5
338 55 4
338 56 5
338 58 5
338 64 5
338 65 5
338 67 5
338 69 5
338 73 5
338 74 5
338 76 5
338 79 5
338 80 5
338 81 5
338 82 5
338 86 5
338 88 5
338 89 5
338 91 5
338 97 5
338 98 5
338 100 5
338 101 3
338 117 5
338 121 5
338 124 5
338 126 5
338 127 5
338 130 5
338 131 3
338 132 4
338 133 5
338 134 4
338 135 3
338 136 3
338 139 5
338 144 5
338 145 5
338 150 5
338 151 5
338 153 5
338 154 3
338 156 3
338 157 5
338 159 5
338 160 5
338 161 5
338 163 5
338 167 5
338 168 5
338 170 3
338 174 5
338 175 5
338 179 5
338 180 3
338 181 5
338 183 5
338 186 5
338 188 5
338 190 4
338 191 3
338 192 5
338 194 5
338 195 5
338 196 5
338 197 5
338 198 5
338 199 3
338 203 3
338 204 3
338 205 5
338 208 4
338 209 5
338 214 3
338 222 5
338 226 3
338 227 5
338 228 5
338 231 5
338 233 5
338 235 5
338 238 5
338 240 5
338 248 5
338 257 5
338 258 5
338 265 5
338 269 5
338 270 3
338 276 3
338 286 5
338 288 5
338 298 5
338 302 5
338 317 5
338 327 5
338 347 4
338 357 5
338 380 5
338 383 5
338 402 5
338 403 5
338 404 5
338 410 5
338 411 5
338 415 5
338 427 3
338 428 5
338 431 5
338 433 5
338 435 4
338 436 5
338 447 5
338 449 5
338 451 5
338 461 5
338 469 3
338 474 4
338 475 5
338 478 3
338 479 5
338 483 5
338 484 5
338 485 5
338 496 3
338 498 5
338 503 5
338 508 5
338 509 3
338 514 5
338 515 3
338 516 5
338 521 5
338 522 3
338 523 5
338 525 5
338 527 3
338 528 3
338 530 5
338 546 5
338 549 5
338 550 5
338 566 5
338 568 5
338 573 5
338 582 3
338 603 5
338 607 5
338 614 3
338 631 5
338 632 5
338 636 5
338 637 5
338 640 3
338 642 5
338 649 3
338 650 5
338 655 5
338 657 5
338 661 3
338 663 3
338 673 5
338 675 5
338 678 5
338 693 5
338 702 5
338 709 5
338 719 5
338 735 5
338 737 5
338 739 5
338 770 5
338 772 5
338 806 5
338 823 4
338 845 5
338 856 5
338 939 5
338 942 5
338 961 3
339 1 4
339 15 4
339 50 5
339 66 4
339 71 4
339 143 3
339 172 5
339 174 5
339 179 4
339 181 5
339 205 4
339 215 4
339 265 4
339 274 4
339 402 4
339 405 5
339 423 5
339 435 5
339 486 3
339 502 4
339 504 4
339 520 5
339 526 4
339 584 4
339 662 4
339 946 4
340 3 2
340 4 5
340 7 5
340 8 5
340 11 4
340 13 5
340 15 5
340 23 5
340 25 4
340 26 3
340 28 4
340 47 4
340 56 5
340 58 4
340 68 4
340 92 4
340 93 4
340 95 5
340 98 5
340 100 5
340 108 3
340 111 4
340 122 3
340 123 4
340 124 5
340 129 4
340 131 4
340 132 5
340 133 4
340 134 5
340 135 5
340 143 5
340 144 4
340 156 5
340 160 4
340 174 5
340 175 5
340 179 4
340 188 4
340 189 4
340 191 5
340 192 5
340 193 5
340 194 5
340 196 4
340 197 5
340 204 5
340 208 5
340 209 5
340 212 4
340 216 5
340 223 5
340 237 5
340 238 5
340 240 3
340 248 4
340 251 3
340 255 4
340 257 4
340 262 3
340 274 4
340 276 5
340 282 4
340 286 4
340 287 4
340 288 4
340 289 2
340 294 3
340 297 3
340 298 4
340 301 3
340 319 3
340 320 2
340 326 3
340 327 3
340 367 4
340 378 4
340 381 4
340 382 4
340 408 5
340 412 3
340 421 4
340 423 5
340 427 5
340 433 5
340 461 4
340 483 5
340 487 4
340 496 4
340 499 4
340 508 4
340 517 4
340 518 4
340 523 5
340 531 5
340 535 2
340 544 4
340 547 2
340 558 3
340 574 4
340 581 4
340 584 4
340 591 4
340 606 4
340 607 4
340 654 5
340 655 5
340 656 4
340 657 5
340 663 4
340 692 4
340 699 4
340 723 3
340 724 4
340 727 3
340 732 4
340 746 3
340 756 3
340 762 4
340 764 2
340 772 2
340 789 4
340 792 4
340 813 4
340 818 3
340 844 3
340 846 2
340 866 3
340 873 3
340 875 3
340 928 2
340 950 2
340 965 4
340 975 4
341 1 4
341 4 4
341 7 5
341 8 3
341 9 5
341 10 4
341 11 4
341 12 5
341 20 4
341 23 5
341 25 5
341 26 3
341 28 4
341 38 4
341 42 4
341 44 4
341 47 3
341 48 5
341 50 5
341 52 3
341 53 4
341 55 3
341 56 5
341 57 5
341 58 3
341 62 4
341 63 4
341 65 4
341 66 4
341 67 4
341 68 4
341 69 3
341 76 4
341 77 4
341 79 4
341 81 3
341 82 3
341 83 3
341 86 4
341 87 4
341 90 4
341 97 5
341 98 5
341 100 5
341 117 5
341 118 5
341 121 5
341 124 5
341 127 5
341 132 5
341 134 5
341 135 4
341 137 5
341 143 5
341 144 4
341 147 4
341 152 3
341 153 4
341 155 4
341 156 3
341 159 4
341 163 4
341 164 3
341 168 5
341 169 5
341 174 5
341 176 5
341 177 4
341 179 4
341 180 3
341 186 3
341 187 5
341 188 4
341 189 4
341 193 4
341 194 3
341 196 5
341 197 5
341 199 4
341 200 3
341 208 5
341 211 4
341 214 4
341 223 5
341 228 4
341 229 4
341 231 4
341 234 4
341 235 4
341 236 4
341 237 5
341 241 4
341 250 4
341 257 5
341 265 5
341 269 4
341 275 3
341 276 5
341 277 4
341 283 3
341 288 5
341 297 3
341 302 4
341 303 4
341 306 4
341 318 5
341 324 4
341 333 4
341 334 4
341 357 5
341 358 4
341 371 3
341 375 4
341 382 3
341 385 4
341 405 5
341 408 5
341 410 4
341 423 4
341 427 5
341 429 3
341 435 5
341 449 4
341 461 3
341 462 3
341 463 4
341 471 5
341 473 4
341 474 5
341 475 5
341 476 4
341 483 5
341 498 5
341 499 5
341 508 5
341 510 5
341 515 5
341 521 3
341 523 5
341 527 4
341 528 5
341 530 3
341 536 4
341 546 4
341 555 4
341 559 4
341 561 4
341 568 4
341 569 4
341 581 3
341 582 4
341 606 4
341 614 3
341 631 4
341 642 4
341 654 5
341 655 4
341 657 5
341 660 4
341 684 4
341 702 4
341 703 4
341 708 4
341 712 4
341 724 4
341 727 3
341 729 4
341 739 4
341 744 4
341 747 4
341 778 3
341 786 4
341 792 3
341 823 4
341 919 4
341 921 5
341 930 4
341 931 4
341 943 4
341 950 4
341 951 4
341 961 3
341 980 4
342 1 4
342 4 4
342 5 4
342 8 5
342 9 5
342 11 5
342 12 5
342 13 4
342 14 4
342 22 4
342 25 3
342 26 4
342 39 4
342 45 4
342 58 4
342 70 4
342 71 5
342 73 2
342 79 5
342 86 4
342 87 4
342 88 4
342 89 5
342 95 5
342 96 5
342 97 4
342 98 5
342 111 5
342 118 3
342 119 4
342 121 5
342 122 4
342 124 5
342 125 5
342 127 5
342 129 3
342 132 4
342 137 4
342 151 4
342 169 4
342 172 5
342 174 5
342 176 5
342 181 5
342 183 5
342 190 4
342 191 5
342 195 5
342 196 4
342 198 4
342 202 5
342 203 4
342 204 5
342 208 5
342 210 5
342 216 5
342 222 5
342 228 5
342 235 4
342 237 5
342 244 3
342 245 4
342 246 4
342 248 3
342 251 4
342 255 3
342 268 5
342 269 5
342 272 5
342 273 5
342 275 5
342 276 5
342 278 3
342 280 3
342 281 4
342 283 4
342 284 3
342 285 4
342 286 5
342 288 3
342 291 4
342 295 3
342 297 3
342 298 4
342 301 4
342 303 4
342 304 4
342 311 4
342 313 5
342 315 5
342 316 4
342 322 4
342 357 5
342 367 3
342 385 5
342 405 4
342 421 4
342 433 4
342 451 3
342 459 2
342 462 4
342 471 5
342 472 2
342 476 4
342 477 2
342 478 4
342 479 5
342 486 4
342 487 4
342 494 4
342 508 3
342 509 4
342 511 5
342 516 4
342 535 3
342 537 4
342 559 4
342 562 4
342 568 5
342 597 4
342 619 2
342 647 4
342 660 4
342 663 4
342 678 4
342 684 5
342 694 4
342 696 4
342 707 4
342 708 4
342 709 4
342 713 4
342 716 4
342 742 3
342 751 4
342 764 3
342 815 3
342 844 3
342 845 3
342 864 2
342 926 4
342 928 4
342 955 4
342 972 4
343 1 5
343 4 4
343 5 3
343 9 5
343 11 5
343 15 5
343 25 4
343 26 4
343 28 5
343 33 4
343 43 4
343 44 5
343 48 4
343 49 4
343 50 5
343 51 4
343 56 5
343 64 5
343 65 5
343 66 3
343 69 5
343 71 5
343 77 4
343 79 5
343 81 4
343 87 5
343 88 4
343 93 4
343 98 5
343 100 5
343 111 4
343 117 4
343 118 4
343 124 5
343 125 4
343 126 5
343 131 4
343 132 5
343 137 5
343 143 5
343 148 4
343 151 4
343 170 4
343 172 5
343 173 5
343 174 5
343 191 5
343 196 5
343 197 5
343 202 3
343 204 5
343 216 5
343 220 4
343 221 2
343 223 5
343 226 3
343 235 4
343 237 4
343 239 4
343 241 3
343 245 4
343 246 5
343 251 3
343 255 4
343 262 3
343 268 5
343 269 5
343 272 5
343 278 3
343 280 3
343 282 4
343 283 5
343 284 4
343 285 5
343 287 3
343 288 3
343 289 3
343 291 4
343 293 4
343 294 5
343 295 5
343 297 3
343 298 4
343 300 4
343 301 4
343 302 5
343 303 3
343 305 3
343 311 3
343 312 3
343 313 5
343 315 5
343 317 4
343 323 4
343 332 3
343 333 5
343 356 4
343 365 3
343 367 4
343 378 4
343 381 4
343 382 3
343 387 3
343 402 5
343 403 3
343 405 4
343 416 4
343 433 5
343 443 5
343 451 4
343 461 4
343 464 4
343 471 3
343 473 4
343 476 4
343 479 5
343 481 3
343 485 4
343 498 4
343 508 3
343 518 4
343 534 5
343 535 4
343 550 5
343 559 4
343 566 4
343 568 4
343 582 5
343 588 5
343 620 4
343 639 4
343 651 5
343 655 5
343 660 4
343 676 2
343 696 4
343 702 3
343 708 3
343 709 4
343 715 2
343 716 3
343 722 3
343 732 3
343 736 4
343 737 4
343 738 4
343 739 3
343 742 3
343 744 4
343 747 5
343 748 4
343 772 4
343 781 4
343 845 3
343 846 2
343 866 2
343 879 3
343 886 5
343 903 4
343 919 5
343 949 2
343 955 4
343 956 4
343 972 3
343 988 4
344 2 2
344 3 3
344 4 4
344 7 5
344 11 4
344 12 4
344 17 3
344 22 5
344 29 3
344 31 4
344 33 4
344 38 2
344 53 3
344 54 4
344 55 4
344 56 5
344 62 4
344 64 5
344 67 3
344 72 4
344 76 4
344 77 4
344 83 4
344 91 2
344 92 4
344 94 3
344 97 5
344 98 5
344 100 5
344 117 5
344 120 3
344 121 5
344 127 5
344 128 2
344 132 5
344 133 4
344 134 5
344 141 4
344 143 4
344 144 5
344 147 4
344 153 4
344 156 4
344 157 4
344 158 3
344 161 5
344 167 3
344 168 4
344 172 5
344 173 5
344 174 5
344 176 5
344 181 5
344 183 4
344 184 4
344 186 4
344 187 4
344 188 4
344 203 4
344 204 5
344 210 5
344 211 5
344 213 4
344 215 5
344 216 5
344 218 4
344 219 3
344 232 3
344 234 4
344 237 5
344 241 3
344 245 4
344 250 4
344 259 3
344 265 4
344 273 4
344 276 5
344 288 5
344 291 3
344 293 4
344 294 4
344 300 4
344 302 5
344 318 5
344 322 3
344 325 3
344 333 3
344 358 4
344 363 3
344 366 4
344 369 3
344 375 3
344 385 4
344 391 2
344 392 4
344 403 4
344 405 3
344 415 3
344 423 5
344 431 4
344 455 3
344 470 4
344 496 5
344 518 4
344 520 4
344 541 3
344 546 3
344 549 4
344 561 3
344 569 3
344 571 3
344 572 3
344 576 2
344 578 3
344 582 5
344 616 4
344 636 2
344 642 4
344 657 5
344 669 3
344 673 4
344 684 4
344 685 4
344 708 4
344 712 4
344 727 3
344 732 4
344 739 4
344 743 3
344 746 4
344 748 3
344 780 3
344 785 2
344 802 3
344 809 4
344 831 3
344 842 3
344 879 3
344 932 3
344 944 3
344 951 3
344 959 4
344 977 3
345 1 5
345 7 5
345 12 5
345 15 5
345 17 4
345 22 5
345 24 4
345 25 5
345 28 5
345 31 4
345 50 5
345 55 3
345 56 5
345 68 4
345 70 4
345 73 4
345 76 4
345 77 4
345 79 5
345 82 4
345 85 4
345 87 5
345 91 4
345 96 5
345 97 4
345 99 5
345 100 5
345 117 4
345 118 4
345 125 3
345 127 5
345 132 5
345 137 5
345 144 5
345 151 5
345 156 5
345 157 5
345 158 4
345 159 3
345 163 3
345 164 5
345 168 5
345 172 5
345 173 5
345 174 5
345 176 5
345 177 5
345 181 5
345 182 5
345 183 5
345 187 5
345 188 4
345 192 5
345 195 5
345 200 4
345 203 4
345 204 5
345 208 5
345 215 3
345 222 4
345 226 3
345 227 4
345 233 3
345 235 4
345 239 5
345 240 4
345 245 4
345 246 5
345 252 4
345 257 4
345 258 5
345 268 5
345 271 4
345 273 3
345 276 4
345 280 3
345 286 4
345 288 5
345 290 4
345 293 4
345 294 5
345 298 4
345 300 3
345 317 3
345 318 5
345 323 4
345 324 3
345 328 4
345 333 4
345 356 4
345 369 4
345 371 3
345 385 4
345 386 4
345 392 3
345 403 3
345 404 5
345 405 5
345 410 4
345 416 3
345 423 5
345 432 3
345 435 5
345 460 4
345 462 4
345 465 3
345 468 3
345 470 3
345 472 4
345 475 5
345 501 3
345 508 4
345 544 3
345 550 4
345 568 3
345 588 5
345 595 4
345 597 4
345 609 4
345 655 5
345 660 5
345 685 3
345 686 4
345 689 3
345 692 4
345 699 5
345 721 4
345 735 5
345 742 3
345 756 4
345 763 4
345 806 4
345 819 4
345 820 4
345 827 4
345 829 4
345 831 4
345 841 4
345 871 4
345 879 4
345 928 3
345 930 4
345 943 4
345 959 4
345 977 4
345 982 4
346 1 5
346 7 3
346 15 4
346 25 4
346 100 5
346 107 4
346 111 4
346 118 4
346 121 4
346 126 3
346 147 3
346 225 4
346 240 4
346 276 3
346 288 4
346 294 4
346 323 4
346 368 4
346 370 4
346 409 4
346 411 4
346 412 4
346 472 4
346 473 4
346 476 4
346 546 4
346 628 4
346 742 3
346 819 4
346 831 4
346 834 4
346 924 3
346 926 4
346 928 4
346 974 4
346 975 4
346 988 4
347 9 5
347 10 3
347 118 4
347 121 4
347 125 4
347 126 4
347 237 4
347 325 3
347 370 4
347 412 4
347 455 4
347 458 3
347 471 4
347 475 4
347 596 4
347 744 4
347 847 3
348 1 3
348 23 5
348 89 5
348 98 5
348 132 5
348 133 4
348 136 5
348 168 5
348 172 5
348 176 4
348 183 5
348 193 4
348 195 5
348 204 4
348 210 3
348 214 4
348 228 4
348 265 3
348 271 4
348 324 4
348 340 4
348 435 5
348 479 5
348 480 5
348 483 5
348 489 5
348 530 4
348 589 4
348 604 4
348 616 4
348 654 5
348 657 5
349 288 5
349 289 4
349 292 3
349 300 3
349 301 4
349 310 3
349 312 4
349 313 5
349 326 4
349 327 4
349 332 4
349 341 4
349 343 4
349 359 4
349 538 3
349 748 4
349 750 4
349 754 4
349 873 4
349 879 4
349 880 4
349 882 4
349 888 3
349 984 4
349 989 4
349 990 4
350 4 4
350 7 5
350 12 5
350 17 4
350 39 4
350 55 2
350 56 5
350 79 5
350 86 2
350 89 5
350 92 3
350 96 5
350 98 5
350 129 4
350 144 4
350 156 4
350 173 5
350 182 5
350 194 5
350 195 5
350 216 3
350 228 5
350 234 5
350 302 2
350 385 3
350 568 3
350 657 4
350 692 4
351 245 4
351 260 4
351 271 4
351 272 5
351 300 3
351 315 4
351 326 4
351 327 4
351 328 3
351 332 4
351 333 4
351 343 4
351 905 4
352 7 4
352 9 5
352 14 5
352 19 3
352 20 4
352 25 3
352 32 4
352 42 5
352 47 4
352 50 5
352 52 5
352 57 4
352 58 4
352 59 4
352 60 4
352 61 4
352 66 3
352 70 3
352 79 5
352 81 5
352 83 4
352 86 4
352 87 4
352 88 3
352 93 5
352 100 5
352 109 4
352 116 5
352 124 5
352 131 4
352 133 5
352 134 4
352 135 5
352 136 4
352 137 5
352 143 4
352 149 3
352 151 5
352 152 4
352 153 5
352 154 5
352 155 2
352 162 5
352 166 4
352 168 5
352 169 5
352 171 4
352 173 5
352 174 5
352 175 5
352 180 5
352 186 5
352 189 4
352 190 4
352 191 5
352 193 5
352 197 4
352 199 5
352 202 3
352 208 4
352 209 5
352 211 5
352 213 5
352 216 5
352 238 5
352 242 5
352 246 5
352 248 4
352 251 5
352 255 3
352 257 4
352 258 5
352 268 5
352 269 5
352 270 4
352 272 5
352 275 5
352 276 5
352 281 4
352 286 5
352 287 5
352 297 4
352 303 4
352 305 4
352 306 5
352 308 3
352 311 4
352 313 5
352 318 5
352 344 3
352 381 4
352 382 5
352 387 3
352 414 4
352 421 4
352 423 5
352 428 4
352 429 4
352 435 4
352 462 4
352 463 5
352 464 4
352 473 4
352 478 4
352 479 5
352 480 5
352 483 5
352 485 4
352 487 4
352 489 4
352 494 4
352 496 5
352 497 4
352 498 5
352 507 4
352 508 4
352 509 4
352 511 5
352 513 4
352 515 5
352 516 4
352 518 4
352 520 4
352 529 4
352 531 4
352 533 4
352 558 4
352 582 5
352 584 2
352 603 5
352 604 4
352 605 3
352 606 4
352 607 3
352 629 4
352 631 4
352 638 4
352 650 5
352 651 5
352 652 3
352 657 5
352 659 4
352 660 5
352 661 5
352 692 3
352 694 4
352 699 4
352 702 4
352 705 4
352 707 4
352 709 4
352 716 3
352 732 3
352 733 4
352 735 4
352 736 4
352 737 4
352 740 3
352 753 4
352 792 4
352 811 4
352 847 4
352 855 4
352 863 2
352 865 4
352 882 4
352 889 4
352 900 4
352 904 2
352 929 4
352 953 3
352 956 4
352 958 4
352 962 4
353 242 4
353 264 4
353 288 3
353 300 4
353 328 4
353 329 3
353 360 4
353 681 4
353 882 3
354 272 5
354 292 4
354 313 5
354 316 4
354 326 4
354 328 5
354 333 5
354 689 3
354 748 3
355 1 5
355 7 5
355 10 4
355 24 3
355 105 4
355 117 5
355 118 4
355 123 4
355 125 4
355 126 3
355 147 4
355 150 3
355 151 5
355 220 4
355 222 5
355 245 4
355 258 3
355 270 3
355 273 4
355 274 4
355 275 3
355 280 4
355 284 4
355 291 5
355 322 4
355 326 4
355 334 4
355 405 4
355 407 4
355 411 4
355 455 4
355 456 4
355 471 4
355 472 4
355 473 4
355 476 4
355 546 4
355 595 4
355 687 4
355 713 4
355 742 4
355 744 4
355 760 4
355 819 4
355 820 3
355 831 3
355 833 3
355 866 4
355 932 4
355 977 4
355 984 4
356 8 5
356 65 4
356 127 5
356 132 5
356 174 5
356 179 5
356 213 5
356 268 5
356 318 5
356 324 4
356 357 5
356 511 5
356 582 5
356 584 4
356 638 4
356 639 4
356 643 4
356 855 4
356 896 2
357 7 5
357 117 5
357 118 4
357 181 5
357 250 4
357 268 5
357 270 5
357 298 3
357 313 5
357 323 4
357 405 4
357 472 4
357 748 4
357 751 3
357 831 4
358 1 4
358 10 4
358 13 4
358 14 5
358 25 4
358 28 5
358 45 4
358 50 5
358 64 5
358 79 5
358 100 5
358 116 5
358 124 5
358 127 5
358 134 5
358 157 4
358 165 5
358 166 3
358 170 5
358 174 5
358 181 5
358 187 5
358 191 5
358 194 5
358 195 5
358 197 5
358 205 3
358 207 4
358 210 5
358 222 4
358 237 3
358 238 5
358 242 5
358 251 4
358 269 4
358 271 4
358 275 5
358 283 3
358 284 4
358 286 3
358 297 4
358 302 4
358 304 4
358 306 4
358 308 4
358 309 4
358 321 4
358 326 4
358 328 4
358 357 5
358 423 5
358 479 5
358 483 5
358 496 5
358 511 5
358 521 4
358 523 5
358 531 4
358 582 4
358 588 3
358 654 5
358 661 4
358 735 4
358 744 2
358 748 4
358 845 4
358 933 4
358 936 4
358 963 4
359 12 5
359 14 5
359 23 5
359 26 3
359 49 4
359 53 3
359 55 5
359 56 5
359 59 5
359 60 4
359 66 4
359 70 4
359 79 4
359 83 5
359 88 5
359 90 4
359 97 4
359 98 5
359 100 5
359 111 4
359 129 4
359 148 4
359 150 4
359 156 4
359 165 5
359 166 3
359 168 5
359 170 5
359 173 5
359 176 5
359 178 5
359 183 5
359 185 5
359 186 4
359 190 5
359 197 5
359 203 4
359 204 5
359 207 5
359 212 4
359 213 5
359 218 3
359 222 3
359 228 4
359 234 5
359 237 4
359 238 5
359 258 4
359 269 4
359 273 4
359 274 4
359 276 3
359 286 5
359 333 3
359 340 4
359 387 3
359 421 5
359 430 4
359 435 5
359 451 4
359 466 5
359 475 4
359 498 5
359 502 5
359 504 5
359 514 5
359 517 3
359 524 3
359 525 5
359 531 5
359 639 3
359 652 4
359 654 5
359 655 5
359 657 5
359 659 5
359 673 5
359 684 3
359 694 5
359 707 4
359 709 5
359 727 4
359 737 4
359 739 3
359 742 4
359 762 4
359 770 4
359 794 4
359 934 4
359 949 4
360 245 3
360 268 5
360 302 4
360 312 4
360 313 5
360 323 3
360 333 4
360 336 2
360 689 2
361 1 5
361 2 3
361 4 4
361 5 4
361 7 5
361 9 5
361 11 5
361 22 4
361 29 3
361 32 4
361 37 2
361 38 3
361 44 4
361 47 4
361 50 5
361 54 3
361 55 4
361 56 5
361 58 4
361 62 3
361 65 4
361 66 4
361 67 3
361 68 4
361 69 4
361 70 5
361 71 4
361 72 4
361 73 3
361 79 5
361 81 4
361 82 4
361 87 4
361 88 4
361 89 5
361 90 2
361 91 3
361 93 4
361 95 4
361 96 4
361 97 5
361 98 5
361 101 4
361 102 3
361 114 4
361 117 4
361 120 2
361 121 5
361 128 3
361 134 4
361 137 4
361 143 4
361 144 4
361 145 3
361 151 5
361 152 4
361 154 4
361 155 3
361 156 4
361 159 3
361 161 4
361 164 4
361 169 4
361 172 4
361 173 5
361 174 5
361 179 4
361 182 4
361 183 4
361 184 4
361 185 5
361 186 4
361 187 4
361 188 4
361 189 4
361 193 4
361 195 5
361 196 4
361 200 4
361 201 4
361 204 5
361 206 3
361 208 4
361 210 4
361 212 3
361 215 4
361 216 4
361 218 4
361 222 5
361 226 4
361 227 4
361 228 5
361 229 4
361 231 3
361 234 4
361 235 2
361 237 5
361 248 4
361 250 4
361 258 5
361 265 4
361 270 4
361 271 3
361 282 4
361 283 4
361 284 4
361 288 5
361 290 3
361 293 4
361 307 4
361 315 4
361 316 4
361 317 4
361 322 3
361 325 3
361 328 4
361 336 3
361 346 4
361 347 4
361 350 3
361 351 4
361 366 4
361 370 3
361 380 4
361 387 4
361 391 2
361 393 4
361 402 5
361 403 4
361 405 4
361 408 4
361 417 3
361 423 5
361 426 4
361 428 4
361 431 4
361 433 5
361 435 5
361 443 4
361 444 4
361 448 3
361 449 3
361 451 4
361 461 4
361 469 3
361 472 2
361 473 4
361 474 4
361 505 4
361 506 4
361 511 4
361 518 4
361 523 4
361 531 4
361 546 3
361 550 4
361 552 4
361 554 3
361 555 4
361 557 4
361 559 3
361 561 3
361 566 4
361 568 4
361 569 3
361 571 3
361 572 2
361 575 2
361 578 3
361 588 4
361 590 3
361 597 3
361 603 4
361 616 4
361 625 3
361 631 3
361 640 3
361 650 4
361 651 5
361 653 4
361 657 4
361 658 3
361 660 4
361 665 2
361 673 4
361 675 4
361 678 3
361 679 4
361 682 2
361 685 4
361 691 4
361 698 2
361 699 4
361 707 4
361 709 4
361 710 3
361 719 3
361 735 4
361 741 3
361 742 4
361 746 4
361 747 4
361 752 4
361 760 3
361 761 3
361 767 3
361 774 3
361 778 4
361 792 4
361 802 2
361 805 3
361 809 4
361 816 3
361 825 4
361 831 3
361 849 2
361 854 4
361 859 3
361 895 3
361 906 2
361 919 4
361 933 3
361 940 2
361 946 3
361 959 4
361 979 3
362 289 4
362 302 5
362 321 4
362 875 3
362 948 4
362 988 4
363 1 5
363 7 5
363 15 5
363 25 5
363 100 5
363 109 3
363 124 4
363 125 4
363 137 4
363 150 4
363 222 5
363 235 3
363 258 5
363 268 5
363 271 2
363 272 5
363 275 4
363 276 4
363 277 4
363 287 4
363 288 5
363 289 4
363 294 4
363 301 4
363 309 3
363 315 4
363 316 4
363 321 4
363 340 4
363 352 3
363 473 4
363 591 4
363 742 5
363 762 4
363 813 4
363 894 2
363 895 3
363 908 3
364 53 4
364 56 5
364 98 5
364 184 4
364 200 3
364 201 3
364 217 4
364 219 3
364 234 5
364 443 5
364 445 4
364 559 4
364 573 4
364 671 5
364 672 3
364 853 5
364 860 4
365 7 5
365 17 3
365 50 5
365 53 4
365 98 5
365 100 5
365 145 4
365 164 5
365 176 5
365 183 5
365 184 4
365 200 4
365 201 3
365 218 3
365 234 5
365 250 3
365 258 5
365 288 5
365 302 3
365 324 3
365 326 5
365 333 4
365 334 4
365 379 3
365 406 4
365 413 4
365 436 5
365 443 5
365 448 5
365 452 4
365 551 4
365 563 4
365 564 3
365 665 4
365 670 3
365 672 3
365 760 4
365 769 4
365 774 4
365 800 4
365 919 5
366 11 5
366 17 4
366 56 5
366 89 5
366 96 5
366 98 5
366 100 5
366 127 5
366 183 5
366 184 4
366 201 4
366 217 3
366 218 4
366 219 4
366 234 5
366 292 4
366 313 5
366 320 4
366 379 4
366 396 4
366 567 3
366 672 4
366 774 2
366 777 3
367 50 5
367 114 5
367 168 5
367 172 5
367 181 5
367 271 4
367 316 5
367 358 3
367 751 4
367 988 4
368 12 4
368 22 4
368 31 4
368 50 5
368 52 4
368 64 5
368 98 4
368 100 5
368 107 4
368 114 4
368 116 4
368 135 5
368 136 4
368 153 4
368 172 4
368 174 4
368 175 4
368 176 4
368 181 5
368 193 4
368 195 4
368 199 4
368 209 4
368 210 4
368 238 4
368 257 4
368 265 4
368 269 4
368 285 4
368 322 4
368 423 4
368 425 4
368 433 4
368 435 4
368 443 4
368 480 4
368 484 4
368 493 4
368 494 4
368 497 4
368 514 4
368 525 4
368 603 4
368 604 4
368 607 4
368 608 4
368 613 4
368 631 4
368 657 4
368 659 4
368 661 4
368 678 3
368 705 4
368 923 4
369 1 5
369 22 5
369 55 5
369 64 5
369 69 5
369 77 4
369 79 5
369 97 3
369 98 5
369 174 5
369 177 5
369 179 5
369 180 5
369 181 5
369 185 5
369 186 5
369 194 5
369 197 5
369 210 5
369 234 5
369 265 5
369 357 5
369 393 3
369 423 5
369 435 5
369 443 5
369 449 3
369 452 4
369 504 5
369 527 4
369 655 5
369 663 4
369 746 4
370 5 4
370 23 4
370 44 5
370 56 5
370 79 5
370 129 4
370 159 3
370 164 4
370 176 3
370 183 5
370 185 4
370 200 3
370 201 4
370 218 3
370 262 4
370 286 5
370 288 3
370 299 4
370 325 4
370 327 4
370 333 4
370 436 5
370 441 4
370 443 4
370 447 4
370 448 4
370 452 3
370 547 4
370 559 3
370 561 4
370 574 5
370 581 5
370 595 4
370 628 4
370 635 4
370 637 4
370 672 3
370 674 4
370 678 4
370 696 4
370 874 3
370 875 4
371 2 4
371 4 3
371 12 5
371 15 3
371 20 4
371 22 5
371 24 4
371 25 4
371 31 4
371 48 5
371 50 5
371 58 4
371 64 5
371 66 4
371 68 4
371 70 4
371 80 4
371 81 4
371 82 4
371 83 3
371 89 4
371 90 4
371 94 4
371 95 4
371 96 4
371 97 4
371 99 4
371 100 5
371 102 4
371 105 4
371 110 4
371 114 4
371 117 5
371 127 5
371 132 5
371 136 5
371 139 4
371 142 4
371 143 3
371 144 4
371 150 3
371 151 4
371 154 4
371 155 4
371 156 4
371 161 5
371 162 3
371 163 4
371 165 5
371 166 3
371 169 5
371 172 5
371 173 5
371 175 3
371 177 3
371 179 3
371 180 4
371 181 4
371 184 4
371 189 5
371 194 5
371 195 5
371 196 3
371 197 5
371 202 5
371 204 4
371 206 4
371 208 5
371 209 5
371 210 5
371 211 4
371 213 3
371 214 4
371 215 3
371 217 4
371 225 4
371 226 5
371 228 4
371 230 4
371 232 4
371 239 4
371 241 4
371 259 4
371 269 3
371 275 5
371 278 4
371 281 4
371 286 3
371 290 4
371 318 5
371 357 5
371 366 4
371 378 4
371 380 2
371 382 3
371 385 4
371 386 4
371 389 4
371 390 4
371 392 4
371 393 4
371 399 4
371 401 4
371 402 4
371 403 5
371 404 3
371 409 4
371 414 3
371 417 4
371 418 4
371 420 5
371 421 4
371 423 5
371 427 5
371 431 4
371 433 3
371 435 5
371 451 4
371 472 4
371 474 5
371 480 4
371 485 5
371 487 4
371 488 4
371 494 4
371 496 5
371 497 3
371 499 4
371 506 5
371 510 5
371 520 5
371 527 4
371 550 3
371 553 4
371 559 4
371 566 4
371 568 5
371 571 4
371 577 4
371 588 3
371 596 4
371 598 4
371 603 4
371 627 4
371 633 4
371 645 2
371 648 4
371 649 2
371 651 5
371 655 3
371 658 4
371 660 3
371 679 4
371 694 5
371 699 4
371 704 4
371 705 5
371 709 5
371 715 2
371 724 4
371 727 3
371 729 4
371 732 4
371 746 3
371 747 2
371 748 4
371 756 4
371 778 2
371 828 4
371 842 4
371 843 4
371 849 4
371 941 4
371 946 4
371 949 4
372 1 3
372 2 4
372 5 4
372 7 3
372 9 5
372 11 4
372 15 5
372 17 4
372 23 5
372 24 4
372 28 4
372 29 4
372 39 4
372 48 5
372 50 5
372 56 5
372 64 5
372 66 4
372 68 4
372 69 3
372 70 4
372 71 4
372 77 4
372 89 5
372 95 3
372 97 4
372 98 5
372 100 5
372 106 4
372 111 4
372 116 3
372 118 5
372 120 4
372 121 4
372 122 4
372 123 4
372 124 4
372 125 2
372 126 5
372 127 5
372 129 3
372 135 5
372 143 4
372 144 3
372 147 2
372 148 4
372 150 4
372 151 3
372 156 4
372 159 3
372 161 5
372 162 4
372 168 5
372 172 5
372 173 5
372 174 5
372 176 5
372 185 5
372 186 4
372 192 5
372 195 5
372 197 5
372 200 3
372 202 5
372 204 5
372 210 5
372 216 4
372 218 3
372 222 4
372 223 5
372 225 4
372 226 3
372 228 5
372 229 4
372 230 3
372 231 4
372 233 4
372 234 5
372 235 4
372 237 5
372 240 4
372 247 2
372 248 4
372 252 3
372 254 4
372 257 4
372 265 5
372 279 4
372 280 4
372 282 3
372 284 4
372 289 4
372 291 4
372 310 4
372 322 4
372 323 4
372 356 3
372 363 4
372 369 4
372 385 4
372 393 3
372 403 4
372 405 4
372 412 4
372 423 5
372 424 2
372 427 5
372 449 4
372 450 4
372 454 4
372 458 4
372 463 5
372 465 4
372 466 4
372 467 5
372 468 4
372 475 3
372 476 4
372 483 5
372 521 4
372 527 5
372 540 4
372 544 4
372 550 4
372 552 2
372 554 4
372 558 4
372 566 3
372 568 4
372 572 2
372 576 4
372 581 5
372 591 4
372 619 4
372 620 4
372 628 3
372 637 4
372 642 3
372 651 5
372 665 4
372 685 4
372 692 4
372 696 4
372 717 4
372 741 2
372 742 4
372 743 4
372 756 4
372 758 4
372 761 4
372 762 4
372 763 4
372 770 4
372 789 4
372 815 4
372 819 4
372 820 4
372 824 4
372 832 2
372 844 4
372 845 4
372 846 4
372 872 4
372 880 3
372 924 4
372 928 4
372 930 4
372 931 4
372 932 4
372 934 4
372 948 4
372 952 4
372 974 4
372 975 2
372 977 4
372 978 4
372 979 3
372 986 4
373 5 3
373 39 3
373 77 4
373 176 5
373 183 5
373 185 5
373 218 5
373 233 4
373 288 3
373 300 5
373 443 5
373 583 4
373 684 5
373 761 3
374 11 5
374 14 5
374 98 5
374 154 5
374 181 5
374 197 5
374 198 4
374 223 5
374 237 5
374 246 5
374 268 5
374 274 4
374 275 5
374 289 4
374 301 4
374 603 4
374 762 4
375 56 5
375 98 5
375 100 5
375 164 3
375 168 5
375 173 5
375 194 5
375 219 4
375 234 5
375 258 5
375 268 3
375 288 3
375 313 5
375 316 5
375 323 4
375 354 3
375 443 5
375 508 4
375 895 4
376 1 5
376 2 2
376 4 5
376 5 4
376 7 5
376 8 5
376 9 5
376 10 5
376 11 5
376 12 5
376 13 4
376 14 5
376 15 5
376 21 4
376 22 5
376 28 5
376 29 4
376 31 5
376 40 3
376 42 4
376 43 4
376 48 5
376 49 4
376 50 5
376 52 4
376 53 3
376 54 4
376 58 5
376 59 5
376 62 4
376 63 5
376 65 5
376 66 5
376 68 3
376 70 5
376 73 3
376 77 4
376 79 5
376 86 4
376 87 5
376 88 5
376 89 5
376 91 3
376 94 3
376 95 5
376 99 5
376 100 5
376 106 4
376 110 2
376 111 5
376 117 5
376 121 5
376 123 4
376 125 5
376 126 4
376 132 5
376 133 5
376 135 5
376 141 5
376 143 5
376 144 4
376 148 4
376 151 4
376 153 5
376 155 3
376 157 5
376 159 3
376 161 5
376 162 5
376 167 4
376 172 5
376 173 5
376 174 5
376 175 4
376 176 5
376 179 5
376 180 5
376 181 5
376 182 5
376 186 5
376 191 5
376 194 5
376 195 5
376 196 5
376 197 5
376 200 5
376 202 3
376 203 5
376 207 5
376 210 5
376 213 5
376 215 5
376 217 3
376 218 5
376 220 3
376 222 5
376 223 5
376 226 5
376 227 4
376 230 3
376 233 5
376 234 5
376 235 3
376 237 5
376 239 5
376 241 4
376 245 4
376 248 5
376 252 3
376 254 2
376 255 5
376 257 5
376 258 5
376 269 5
376 272 5
376 273 3
376 274 4
376 275 5
376 276 5
376 277 5
376 280 5
376 281 4
376 282 4
376 283 5
376 284 2
376 285 5
376 286 5
376 288 4
376 289 4
376 294 4
376 295 2
376 298 5
376 300 3
376 301 4
376 302 5
376 304 5
376 317 5
376 318 5
376 319 4
376 321 4
376 326 4
376 328 4
376 356 4
376 365 3
376 367 3
376 380 4
376 381 5
376 382 4
376 385 5
376 386 3
376 387 3
376 392 3
376 393 4
376 396 4
376 401 4
376 403 4
376 404 5
376 405 3
376 409 4
376 410 3
376 411 4
376 417 4
376 418 3
376 419 3
376 420 5
376 423 5
376 432 5
376 435 5
376 447 5
376 449 3
376 450 4
376 451 5
376 458 4
376 465 3
376 469 4
376 471 4
376 476 2
376 479 5
376 482 5
376 485 4
376 496 5
376 500 5
376 501 5
376 508 4
376 509 5
376 517 3
376 527 5
376 528 5
376 542 3
376 546 4
376 549 5
376 554 4
376 559 4
376 566 4
376 568 5
376 572 4
376 575 4
376 576 3
376 582 5
376 591 5
376 596 4
376 597 4
376 619 3
376 620 3
376 623 3
376 629 4
376 631 4
376 632 5
376 635 2
376 636 3
376 651 5
376 655 5
376 663 5
376 665 4
376 674 4
376 686 4
376 692 5
376 693 4
376 694 5
376 702 3
376 703 3
376 707 5
376 708 4
376 709 5
376 715 3
376 716 4
376 720 4
376 722 3
376 724 5
376 727 4
376 729 3
376 731 3
376 732 4
376 734 4
376 736 5
376 742 3
376 744 4
376 747 5
376 755 4
376 756 4
376 762 5
376 768 3
376 778 3
376 780 4
376 787 4
376 792 5
376 793 4
376 796 4
376 806 5
376 807 4
376 845 5
376 866 2
376 875 3
376 896 4
376 918 4
376 921 5
376 924 4
376 926 2
376 928 3
376 930 3
376 939 4
376 942 5
376 951 4
376 959 5
376 961 5
376 969 4
376 972 4
376 977 4
376 979 3
377 1 5
377 2 5
377 4 3
377 8 3
377 9 4
377 12 5
377 23 3
377 50 5
377 52 5
377 54 5
377 56 4
377 62 5
377 63 5
377 64 5
377 69 5
377 79 5
377 82 3
377 83 5
377 88 5
377 89 5
377 90 5
377 93 3
377 96 4
377 98 5
377 100 5
377 116 3
377 124 5
377 131 5
377 133 5
377 135 5
377 141 4
377 144 5
377 152 5
377 153 5
377 157 5
377 158 5
377 161 5
377 163 5
377 164 5
377 168 4
377 172 4
377 173 4
377 176 5
377 177 4
377 178 5
377 179 5
377 183 5
377 186 5
377 188 5
377 191 3
377 192 5
377 193 5
377 194 5
377 195 4
377 196 3
377 200 5
377 202 5
377 203 5
377 204 5
377 205 5
377 208 4
377 210 5
377 211 3
377 216 5
377 219 5
377 227 5
377 230 5
377 233 5
377 238 3
377 239 5
377 257 3
377 270 3
377 271 5
377 284 5
377 285 5
377 294 5
377 300 5
377 306 5
377 310 5
377 331 5
377 339 5
377 357 3
377 372 4
377 381 5
377 383 5
377 385 5
377 391 5
377 393 5
377 395 5
377 401 5
377 402 5
377 405 5
377 414 5
377 417 5
377 419 5
377 427 5
377 428 5
377 434 5
377 436 5
377 443 5
377 447 5
377 448 5
377 451 5
377 452 3
377 461 5
377 480 5
377 496 4
377 504 5
377 511 5
377 514 4
377 516 3
377 517 3
377 520 3
377 522 3
377 523 3
377 527 5
377 528 3
377 529 5
377 530 3
377 554 5
377 559 5
377 563 5
377 566 5
377 568 5
377 575 5
377 576 5
377 603 3
377 616 5
377 622 5
377 636 5
377 637 5
377 644 4
377 649 3
377 651 3
377 655 4
377 659 3
377 674 5
377 684 5
377 686 4
377 701 5
377 704 5
377 705 3
377 710 5
377 712 5
377 729 5
377 732 3
377 735 5
377 736 5
377 746 3
377 842 5
377 855 5
378 1 5
378 7 5
378 12 4
378 22 4
378 28 5
378 31 4
378 38 4
378 58 4
378 59 4
378 60 4
378 61 4
378 62 4
378 64 4
378 69 4
378 71 4
378 81 4
378 95 4
378 98 4
378 100 5
378 109 4
378 114 4
378 118 3
378 121 4
378 132 4
378 134 4
378 139 2
378 152 4
378 154 4
378 161 4
378 163 4
378 168 4
378 170 4
378 172 4
378 176 4
378 177 4
378 180 4
378 181 5
378 183 4
378 185 4
378 186 4
378 190 4
378 194 4
378 197 4
378 208 4
378 213 4
378 215 4
378 217 3
378 222 4
378 228 4
378 229 4
378 238 4
378 241 4
378 258 5
378 265 4
378 270 4
378 306 4
378 313 5
378 315 4
378 340 5
378 356 4
378 357 4
378 382 4
378 414 4
378 416 4
378 419 4
378 423 4
378 425 4
378 427 4
378 428 4
378 435 4
378 443 4
378 449 4
378 462 4
378 463 4
378 465 4
378 474 4
378 479 4
378 483 4
378 502 4
378 506 4
378 512 4
378 515 4
378 518 4
378 521 4
378 527 4
378 529 4
378 530 4
378 549 4
378 561 3
378 566 4
378 570 4
378 573 3
378 582 4
378 587 4
378 614 4
378 629 4
378 630 4
378 631 4
378 651 4
378 652 4
378 654 4
378 663 4
378 664 4
378 665 3
378 670 4
378 684 4
378 699 4
378 708 4
378 712 4
378 729 4
378 732 4
378 736 4
378 744 4
378 750 4
378 751 4
378 753 4
378 770 4
378 856 4
378 923 4
378 956 4
378 959 4
379 1 5
379 13 3
379 14 5
379 15 4
379 16 4
379 20 4
379 30 4
379 50 5
379 59 5
379 77 4
379 79 4
379 83 5
379 89 5
379 94 4
379 95 5
379 97 4
379 99 5
379 100 5
379 102 4
379 121 3
379 129 3
379 132 5
379 133 5
379 134 5
379 135 5
379 139 2
379 150 4
379 151 5
379 175 5
379 178 5
379 191 5
379 212 4
379 214 3
379 216 5
379 217 4
379 228 5
379 259 4
379 276 4
379 281 4
379 294 4
379 303 4
379 304 4
379 318 5
379 344 3
379 378 5
379 418 4
379 443 4
379 459 4
379 462 4
379 473 3
379 479 5
379 485 5
379 487 4
379 493 5
379 495 4
379 498 5
379 501 4
379 509 5
379 517 4
379 525 4
379 526 4
379 529 5
379 582 5
379 607 3
379 631 3
379 634 3
379 640 4
379 647 4
379 652 5
379 656 4
379 657 5
379 660 5
379 673 4
379 682 3
379 693 3
379 705 5
379 724 4
379 742 3
379 771 4
379 778 3
379 855 3
379 887 4
379 898 4
379 914 4
379 931 4
379 934 4
379 961 4
379 995 4
380 7 5
380 9 5
380 23 5
380 50 5
380 56 5
380 98 5
380 100 5
380 122 4
380 127 5
380 134 4
380 135 5
380 137 5
380 150 4
380 171 4
380 177 5
380 180 5
380 183 5
380 258 5
380 276 4
380 290 3
380 332 4
380 475 5
380 481 4
380 482 4
380 507 4
380 508 3
380 531 4
380 717 4
381 14 3
381 19 5
381 58 5
381 81 5
381 86 5
381 89 5
381 100 4
381 134 4
381 135 5
381 137 5
381 180 5
381 193 5
381 197 4
381 203 5
381 205 5
381 223 5
381 237 5
381 238 5
381 268 5
381 272 5
381 285 5
381 302 5
381 315 5
381 319 5
381 321 5
381 345 5
381 357 3
381 425 5
381 427 3
381 435 3
381 464 5
381 474 3
381 475 5
381 478 5
381 479 5
381 480 5
381 483 5
381 484 4
381 496 5
381 505 5
381 514 5
381 531 5
381 603 5
381 639 5
381 641 4
381 657 5
382 272 4
382 289 4
382 302 3
382 316 5
382 327 3
382 343 4
382 355 3
382 751 4
382 989 4
383 4 4
383 8 4
383 12 5
383 18 4
383 24 3
383 29 3
383 32 4
383 37 3
383 42 4
383 47 4
383 48 5
383 50 5
383 53 3
383 56 5
383 58 4
383 59 4
383 61 4
383 79 5
383 81 4
383 82 5
383 87 4
383 89 5
383 93 4
383 98 5
383 99 4
383 111 5
383 114 4
383 122 3
383 127 5
383 128 4
383 129 4
383 131 4
383 133 4
383 134 4
383 135 5
383 136 4
383 143 5
383 144 4
383 145 3
383 151 5
383 152 4
383 153 5
383 168 5
383 169 4
383 171 4
383 172 5
383 173 5
383 174 5
383 175 5
383 177 4
383 180 5
383 181 5
383 183 5
383 186 4
383 187 5
383 189 4
383 191 5
383 192 4
383 194 5
383 195 5
383 199 4
383 200 4
383 207 4
383 208 4
383 209 5
383 211 5
383 216 5
383 217 2
383 218 4
383 219 2
383 221 4
383 224 4
383 235 3
383 236 4
383 238 5
383 249 4
383 250 4
383 253 4
383 254 2
383 256 4
383 257 4
383 262 3
383 273 4
383 276 4
383 283 4
383 285 4
383 286 5
383 290 2
383 293 4
383 304 4
383 305 4
383 318 5
383 320 3
383 325 2
383 337 3
383 340 4
383 346 4
383 347 4
383 367 4
383 383 3
383 385 4
383 403 5
383 405 3
383 408 4
383 417 2
383 419 4
383 423 5
383 425 4
383 427 5
383 428 4
383 429 5
383 430 4
383 433 4
383 435 4
383 443 4
383 447 4
383 451 4
383 455 3
383 458 3
383 461 4
383 462 4
383 473 3
383 474 5
383 479 5
383 480 5
383 482 4
383 483 5
383 485 4
383 486 4
383 487 4
383 489 4
383 492 4
383 496 5
383 498 4
383 500 4
383 502 4
383 503 4
383 506 4
383 507 4
383 508 4
383 511 5
383 512 4
383 520 4
383 521 4
383 523 5
383 524 4
383 525 4
383 526 4
383 529 4
383 557 4
383 603 5
383 604 4
383 606 4
383 616 4
383 631 4
383 650 4
383 652 4
383 653 4
383 654 4
383 657 5
383 658 3
383 659 4
383 661 4
383 663 4
383 664 4
383 673 4
383 674 3
383 675 4
383 705 4
383 719 3
383 727 4
383 732 4
383 739 3
383 745 4
383 794 3
383 851 4
383 855 4
383 865 4
383 871 3
383 896 3
383 900 4
383 919 4
383 922 4
383 940 3
383 942 4
383 945 4
383 959 4
383 961 4
383 965 4
384 24 4
384 50 5
384 121 4
384 222 5
384 273 4
384 455 4
384 685 4
384 825 3
384 833 4
384 840 4
385 2 3
385 4 5
385 7 5
385 8 5
385 10 5
385 11 5
385 13 5
385 20 4
385 22 5
385 23 5
385 24 3
385 27 3
385 31 4
385 32 4
385 33 4
385 39 4
385 47 5
385 48 4
385 50 5
385 52 4
385 55 4
385 56 5
385 58 4
385 61 4
385 62 4
385 64 5
385 68 4
385 71 4
385 76 4
385 79 5
385 81 4
385 82 5
385 83 4
385 89 5
385 91 4
385 92 4
385 93 4
385 96 5
385 97 5
385 98 5
385 99 5
385 101 3
385 102 2
385 113 4
385 114 4
385 116 5
385 117 5
385 121 5
385 123 4
385 127 5
385 129 4
385 133 5
385 135 5
385 136 4
385 144 5
385 147 4
385 151 5
385 152 3
385 156 4
385 161 5
385 168 5
385 169 5
385 176 5
385 180 4
385 181 5
385 182 5
385 183 5
385 184 4
385 186 5
385 187 5
385 189 4
385 190 5
385 192 4
385 193 5
385 194 5
385 195 5
385 196 5
385 197 5
385 198 4
385 200 4
385 201 3
385 202 5
385 203 5
385 205 4
385 206 4
385 208 5
385 209 5
385 210 5
385 211 5
385 215 4
385 217 3
385 218 4
385 219 3
385 222 5
385 223 5
385 224 4
385 226 5
385 228 5
385 229 5
385 230 5
385 231 3
385 233 3
385 238 5
385 241 5
385 246 4
385 248 3
385 250 5
385 258 5
385 265 4
385 268 5
385 273 4
385 277 4
385 288 5
385 289 2
385 293 4
385 294 4
385 295 3
385 298 3
385 317 4
385 318 5
385 319 4
385 320 3
385 321 4
385 325 4
385 333 4
385 357 5
385 380 4
385 381 4
385 385 5
385 393 4
385 403 5
385 410 3
385 414 4
385 418 4
385 423 5
385 428 5
385 429 4
385 430 5
385 431 4
385 432 5
385 435 5
385 436 4
385 441 2
385 444 4
385 446 2
385 447 5
385 448 2
385 455 4
385 458 3
385 461 4
385 463 4
385 473 3
385 474 5
385 475 4
385 477 3
385 488 4
385 496 5
385 508 4
385 511 5
385 514 5
385 515 5
385 520 4
385 526 4
385 528 4
385 547 3
385 549 4
385 558 3
385 559 3
385 561 3
385 564 2
385 566 4
385 569 3
385 578 4
385 580 4
385 582 4
385 583 3
385 593 4
385 603 5
385 619 4
385 625 3
385 642 4
385 650 4
385 651 5
385 659 4
385 663 4
385 672 2
385 674 3
385 678 2
385 679 4
385 684 5
385 692 4
385 693 4
385 697 4
385 715 3
385 732 5
385 735 4
385 737 2
385 742 4
385 744 4
385 768 2
385 769 3
385 772 3
385 773 3
385 774 3
385 789 4
385 790 3
385 806 4
385 844 3
385 845 4
385 854 3
385 856 4
385 919 4
385 942 4
385 943 3
385 952 3
385 969 4
385 972 4
385 984 3
386 5 5
386 56 3
386 100 5
386 111 5
386 117 5
386 147 5
386 184 5
386 237 5
386 259 5
386 288 5
386 298 5
386 307 5
386 310 5
386 315 5
386 323 5
386 326 5
386 333 5
386 508 5
386 569 5
386 591 5
386 628 5
386 678 5
386 680 5
386 682 5
386 690 5
386 742 5
386 769 5
386 773 3
386 816 3
386 845 5
386 871 5
386 895 5
387 4 4
387 8 5
387 23 5
387 25 4
387 28 4
387 29 4
387 38 4
387 40 4
387 42 3
387 47 4
387 50 5
387 53 4
387 56 5
387 58 3
387 59 5
387 64 5
387 65 4
387 66 4
387 69 4
387 72 4
387 77 4
387 79 5
387 80 4
387 82 4
387 88 4
387 90 4
387 94 4
387 95 5
387 98 5
387 99 5
387 100 5
387 105 4
387 109 4
387 111 3
387 118 4
387 127 5
387 131 5
387 132 5
387 136 5
387 142 4
387 151 3
387 152 3
387 153 5
387 154 5
387 159 3
387 160 4
387 167 3
387 168 5
387 172 5
387 173 5
387 174 5
387 176 4
387 178 5
387 179 5
387 181 5
387 185 5
387 186 5
387 191 5
387 194 5
387 197 5
387 202 4
387 204 5
387 205 4
387 208 5
387 210 5
387 211 5
387 216 5
387 217 4
387 234 5
387 238 5
387 249 3
387 275 5
387 283 5
387 285 5
387 300 3
387 301 4
387 346 5
387 378 5
387 383 4
387 384 4
387 393 3
387 395 4
387 396 4
387 401 4
387 404 4
387 407 4
387 410 4
387 411 4
387 414 5
387 416 4
387 420 5
387 423 5
387 428 5
387 429 5
387 435 5
387 451 3
387 454 3
387 467 5
387 471 4
387 474 5
387 475 3
387 477 3
387 478 5
387 479 5
387 480 5
387 481 4
387 483 5
387 484 5
387 490 5
387 491 5
387 492 5
387 493 5
387 497 5
387 498 5
387 499 5
387 501 4
387 502 5
387 503 4
387 504 5
387 506 5
387 507 5
387 509 5
387 510 5
387 514 5
387 517 3
387 518 4
387 519 5
387 520 5
387 525 5
387 526 5
387 550 4
387 558 4
387 568 4
387 583 3
387 584 3
387 588 5
387 591 5
387 602 5
387 604 5
387 605 3
387 607 3
387 610 4
387 612 4
387 613 5
387 615 5
387 616 3
387 630 4
387 631 3
387 642 3
387 649 3
387 656 5
387 657 5
387 661 5
387 662 5
387 671 5
387 674 3
387 693 3
387 699 5
387 700 3
387 705 5
387 712 4
387 715 4
387 731 3
387 732 3
387 736 5
387 739 3
387 756 4
387 763 3
387 778 3
387 780 4
387 785 4
387 792 5
387 820 4
387 824 3
387 835 4
387 836 5
387 845 4
387 847 5
387 923 5
387 926 4
387 942 5
387 945 5
387 954 3
387 997 4
388 1 5
388 9 5
388 13 3
388 126 3
388 258 5
388 275 5
388 302 5
388 304 4
388 319 3
388 328 4
388 329 4
388 331 4
388 740 2
388 742 3
388 845 3
388 989 4
389 9 5
389 11 5
389 12 5
389 15 4
389 22 5
389 31 3
389 47 3
389 48 5
389 56 5
389 58 5
389 59 5
389 60 4
389 64 5
389 69 4
389 71 5
389 76 4
389 89 5
389 97 5
389 100 5
389 127 5
389 132 5
389 134 5
389 148 4
389 168 5
389 173 5
389 182 5
389 188 4
389 191 5
389 195 5
389 197 5
389 200 4
389 203 5
389 204 5
389 205 3
389 213 5
389 215 4
389 222 3
389 234 5
389 237 4
389 238 5
389 258 5
389 264 3
389 276 5
389 282 4
389 286 5
389 288 3
389 294 3
389 300 4
389 318 5
389 334 3
389 357 5
389 421 5
389 458 3
389 460 4
389 471 4
389 474 5
389 479 5
389 480 5
389 482 4
389 490 4
389 491 4
389 498 5
389 504 4
389 507 5
389 508 5
389 510 5
389 511 5
389 527 5
389 530 5
389 544 3
389 546 4
389 603 5
389 604 4
389 628 4
389 646 5
389 659 4
389 661 5
389 678 4
389 748 4
389 772 3
389 774 4
389 963 4
390 8 4
390 23 5
390 58 4
390 59 4
390 99 5
390 114 4
390 129 3
390 166 4
390 169 5
390 170 4
390 172 5
390 173 5
390 178 5
390 179 5
390 180 4
390 181 5
390 189 4
390 191 5
390 197 5
390 199 4
390 200 2
390 209 4
390 244 4
390 248 4
390 249 4
390 250 4
390 255 4
390 257 3
390 260 4
390 268 4
390 270 4
390 271 4
390 272 4
390 276 4
390 285 4
390 288 3
390 289 4
390 293 3
390 294 4
390 297 4
390 300 4
390 302 4
390 303 2
390 304 4
390 310 4
390 312 4
390 313 4
390 319 4
390 321 4
390 323 4
390 324 2
390 325 4
390 328 4
390 333 4
390 340 4
390 344 3
390 345 4
390 346 3
390 347 2
390 463 4
390 482 4
390 491 4
390 492 4
390 493 4
390 511 4
390 515 4
390 534 4
390 538 4
390 615 4
390 632 4
390 650 4
390 663 4
390 705 4
390 813 4
390 847 4
390 872 4
390 873 4
390 880 4
391 2 3
391 3 4
391 4 5
391 5 3
391 7 4
391 11 5
391 12 4
391 15 5
391 17 2
391 21 3
391 22 5
391 24 3
391 25 4
391 26 4
391 27 4
391 28 5
391 29 3
391 31 4
391 36 4
391 38 4
391 40 3
391 41 4
391 42 5
391 48 5
391 49 2
391 50 5
391 51 3
391 54 3
391 55 3
391 56 5
391 58 4
391 62 4
391 64 5
391 65 4
391 67 3
391 68 3
391 69 4
391 70 3
391 71 4
391 73 3
391 78 4
391 79 5
391 81 4
391 83 5
391 84 4
391 85 2
391 86 4
391 87 4
391 88 4
391 90 2
391 94 3
391 95 4
391 99 5
391 100 5
391 105 4
391 108 4
391 109 4
391 110 2
391 111 4
391 117 5
391 118 3
391 122 4
391 123 4
391 126 3
391 128 3
391 132 5
391 135 5
391 136 4
391 138 2
391 139 3
391 142 4
391 144 5
391 147 3
391 148 4
391 153 5
391 154 4
391 161 4
391 168 5
391 169 5
391 172 5
391 173 5
391 181 5
391 184 2
391 186 5
391 189 5
391 191 5
391 194 5
391 196 5
391 202 4
391 203 5
391 204 5
391 206 4
391 215 4
391 222 5
391 223 5
391 227 3
391 228 5
391 233 4
391 237 5
391 239 5
391 240 4
391 241 4
391 243 3
391 245 3
391 252 4
391 255 4
391 257 3
391 258 5
391 265 5
391 270 5
391 271 4
391 273 4
391 274 5
391 275 5
391 278 4
391 280 3
391 281 3
391 283 4
391 290 4
391 291 3
391 294 4
391 298 4
391 303 2
391 313 5
391 316 5
391 317 3
391 318 5
391 321 4
391 323 4
391 328 3
391 333 3
391 338 2
391 342 4
391 344 2
391 347 3
391 354 3
391 355 4
391 356 3
391 357 5
391 362 4
391 363 2
391 364 4
391 365 4
391 366 4
391 369 4
391 373 4
391 374 2
391 376 4
391 377 2
391 378 4
391 380 5
391 385 5
391 386 4
391 391 3
391 393 4
391 394 2
391 396 3
391 403 3
391 404 5
391 405 3
391 409 3
391 410 3
391 412 4
391 415 4
391 417 3
391 418 5
391 419 4
391 420 5
391 421 4
391 423 4
391 431 4
391 443 4
391 456 4
391 465 3
391 470 3
391 471 4
391 472 4
391 473 4
391 476 4
391 477 4
391 479 5
391 480 5
391 496 5
391 497 5
391 500 4
391 501 4
391 527 5
391 538 2
391 539 4
391 540 2
391 544 3
391 546 3
391 550 4
391 552 3
391 553 3
391 554 2
391 559 2
391 561 2
391 566 4
391 568 5
391 569 3
391 571 4
391 576 3
391 578 3
391 588 5
391 591 5
391 596 3
391 597 3
391 622 4
391 623 4
391 628 4
391 630 3
391 633 5
391 636 3
391 644 4
391 651 5
391 655 5
391 659 4
391 672 2
391 681 4
391 683 2
391 685 5
391 686 4
391 687 2
391 690 3
391 692 3
391 696 4
391 705 5
391 710 3
391 715 4
391 717 4
391 721 4
391 722 4
391 725 4
391 727 4
391 728 4
391 731 3
391 737 4
391 739 3
391 742 3
391 747 3
391 751 5
391 755 3
391 756 4
391 761 4
391 763 3
391 771 2
391 775 4
391 778 4
391 779 4
391 780 2
391 781 3
391 783 3
391 789 4
391 792 4
391 794 4
391 797 4
391 802 3
391 805 4
391 808 2
391 810 3
391 812 2
391 815 4
391 821 2
391 824 3
391 825 4
391 826 3
391 831 3
391 836 3
391 840 4
391 841 4
391 842 2
391 843 4
391 845 4
391 870 4
391 871 3
391 876 2
391 879 4
391 890 2
391 905 4
391 922 3
391 929 3
391 930 4
391 932 4
391 939 4
391 940 4
391 944 3
391 949 3
391 951 3
391 953 3
391 964 3
391 977 4
391 996 4
391 997 4
391 999 4
391 1000 4
392 1 5
392 7 5
392 28 5
392 31 5
392 38 5
392 39 5
392 42 5
392 56 5
392 63 5
392 68 5
392 72 5
392 73 5
392 79 5
392 84 3
392 88 5
392 96 5
392 97 5
392 98 5
392 101 5
392 117 5
392 121 5
392 128 5
392 132 5
392 144 5
392 154 5
392 156 3
392 158 5
392 161 5
392 164 5
392 172 5
392 174 5
392 179 5
392 181 3
392 184 5
392 195 4
392 208 5
392 210 3
392 216 5
392 217 5
392 218 5
392 222 5
392 226 5
392 227 5
392 229 5
392 230 5
392 232 5
392 233 5
392 238 5
392 250 5
392 257 3
392 265 3
392 282 5
392 288 5
392 313 4
392 364 5
392 383 5
392 385 5
392 386 5
392 411 5
392 416 5
392 419 3
392 423 3
392 433 5
392 449 5
392 450 5
392 455 5
392 496 3
392 508 5
392 540 5
392 541 5
392 550 5
392 552 5
392 554 5
392 559 5
392 561 5
392 568 5
392 576 5
392 578 5
392 597 5
392 655 5
392 658 5
392 665 5
392 679 5
392 746 5
392 763 5
392 771 5
392 773 3
392 780 5
392 797 5
392 802 5
392 979 5
393 1 5
393 50 5
393 64 5
393 89 5
393 97 4
393 98 5
393 100 5
393 121 4
393 151 3
393 154 3
393 174 5
393 186 5
393 196 5
393 210 5
393 216 5
393 237 5
393 252 3
393 255 4
393 257 5
393 273 3
393 313 5
393 315 5
393 328 4
393 342 4
393 343 4
393 423 5
393 458 4
393 472 4
393 632 4
393 739 4
393 892 2
393 924 3
394 1 5
394 9 5
394 25 5
394 100 5
394 106 4
394 117 5
394 121 5
394 125 5
394 222 5
394 237 5
394 245 2
394 260 4
394 274 3
394 291 3
394 300 5
394 322 2
394 328 4
394 329 4
394 333 4
394 405 5
394 455 3
394 471 5
394 591 5
394 619 4
394 678 2
394 717 4
394 751 4
394 840 4
394 930 4
394 977 4
394 986 4
395 7 5
395 8 5
395 23 5
395 56 5
395 95 4
395 100 5
395 108 4
395 109 4
395 117 4
395 127 5
395 134 5
395 135 5
395 156 5
395 171 4
395 172 5
395 174 5
395 177 4
395 178 5
395 181 5
395 183 5
395 192 4
395 194 5
395 197 5
395 210 5
395 221 4
395 223 5
395 261 4
395 268 4
395 286 5
395 288 4
395 302 5
395 313 5
395 318 5
395 322 3
395 324 4
395 325 4
395 327 4
395 334 3
395 338 4
395 340 3
395 345 4
395 346 5
395 390 4
395 423 5
395 457 4
395 475 4
395 479 5
395 483 5
395 498 5
395 513 4
395 588 4
395 615 4
395 641 5
395 657 5
395 680 4
395 705 5
395 748 4
395 751 4
395 853 5
395 855 4
395 878 4
395 894 4
395 896 4
395 988 4
395 989 2
395 991 4
396 4 5
396 12 5
396 13 3
396 15 5
396 25 4
396 28 5
396 31 4
396 47 4
396 49 4
396 50 5
396 56 5
396 58 5
396 63 4
396 64 5
396 65 4
396 66 4
396 69 5
396 70 4
396 72 3
396 73 4
396 82 3
396 85 3
396 88 5
396 94 2
396 95 5
396 117 3
396 124 5
396 125 3
396 126 4
396 127 5
396 144 5
396 152 4
396 154 5
396 159 4
396 162 4
396 163 4
396 167 3
396 168 5
396 172 5
396 173 5
396 174 5
396 178 5
396 181 5
396 182 5
396 183 5
396 186 5
396 191 5
396 194 5
396 196 5
396 197 5
396 199 5
396 202 5
396 203 5
396 204 5
396 205 3
396 211 5
396 216 5
396 227 4
396 228 5
396 229 4
396 230 3
396 234 5
396 235 4
396 239 5
396 274 4
396 276 5
396 284 4
396 357 5
396 385 5
396 393 4
396 399 2
396 403 3
396 414 4
396 417 2
396 423 5
396 429 5
396 430 5
396 432 5
396 435 5
396 474 5
396 476 4
396 479 5
396 480 5
396 481 4
396 485 5
396 491 4
396 493 4
396 494 4
396 495 3
396 496 5
396 497 5
396 498 5
396 501 4
396 502 4
396 504 5
396 510 4
396 514 5
396 519 4
396 520 4
396 521 4
396 525 4
396 588 5
396 589 4
396 591 4
396 602 5
396 648 4
396 654 5
396 663 5
396 692 4
396 700 4
396 710 4
396 715 4
396 732 4
396 735 4
396 737 4
396 756 2
396 796 2
396 953 4
396 969 3
396 991 4
396 993 3
397 2 3
397 5 4
397 8 4
397 9 4
397 15 5
397 22 5
397 26 3
397 31 4
397 33 4
397 38 2
397 41 2
397 42 4
397 48 4
397 53 2
397 55 4
397 56 5
397 57 3
397 58 4
397 62 4
397 63 4
397 66 4
397 67 3
397 68 4
397 69 5
397 71 4
397 72 4
397 73 3
397 77 4
397 79 5
397 80 2
397 84 4
397 91 4
397 94 5
397 95 5
397 97 5
397 98 5
397 99 4
397 102 2
397 110 2
397 114 4
397 117 4
397 118 4
397 121 4
397 127 4
397 128 3
397 132 5
397 140 3
397 143 5
397 144 4
397 147 4
397 148 3
397 153 4
397 154 4
397 155 3
397 156 4
397 157 4
397 161 4
397 164 4
397 172 4
397 173 4
397 174 5
397 175 5
397 179 4
397 180 4
397 181 5
397 186 4
397 187 4
397 188 4
397 195 5
397 196 4
397 203 4
397 204 5
397 210 5
397 214 4
397 215 5
397 219 2
397 223 4
397 226 4
397 227 4
397 228 5
397 229 4
397 230 5
397 231 3
397 233 3
397 234 4
397 237 5
397 238 4
397 239 4
397 241 4
397 264 4
397 265 4
397 268 5
397 273 4
397 274 4
397 276 4
397 282 4
397 284 3
397 288 4
397 289 2
397 291 3
397 295 2
397 301 3
397 307 4
397 318 5
397 323 2
397 332 4
397 338 2
397 340 3
397 364 3
397 372 4
397 378 4
397 382 4
397 383 3
397 384 3
397 385 4
397 386 3
397 388 2
397 389 4
397 393 4
397 399 4
397 400 3
397 401 3
397 402 4
397 403 5
397 405 4
397 407 3
397 412 2
397 413 3
397 418 4
397 420 4
397 423 5
397 431 4
397 432 4
397 436 4
397 444 3
397 450 3
397 451 4
397 452 3
397 454 2
397 455 5
397 459 2
397 470 2
397 471 4
397 475 4
397 486 3
397 496 4
397 501 5
397 506 4
397 508 5
397 527 5
397 531 4
397 542 3
397 543 3
397 544 3
397 546 3
397 549 4
397 550 4
397 551 3
397 554 2
397 559 2
397 564 3
397 566 4
397 568 5
397 575 3
397 576 2
397 578 3
397 582 4
397 587 3
397 588 4
397 591 4
397 597 4
397 616 4
397 622 4
397 628 3
397 633 4
397 651 4
397 655 4
397 673 4
397 679 4
397 684 4
397 693 4
397 697 4
397 710 3
397 720 2
397 722 3
397 727 4
397 732 4
397 735 4
397 738 3
397 742 5
397 744 4
397 747 4
397 754 4
397 755 4
397 760 2
397 763 3
397 768 3
397 769 3
397 772 3
397 774 3
397 779 3
397 781 4
397 806 3
397 809 4
397 813 3
397 817 3
397 824 2
397 825 4
397 826 3
397 845 4
397 924 2
397 926 3
397 928 2
397 941 3
397 946 4
397 959 4
397 969 3
397 975 4
397 977 3
397 986 3
398 258 5
398 286 5
398 288 5
398 294 4
398 300 4
398 304 3
398 332 2
398 689 4
398 690 4
399 9 4
399 11 4
399 13 4
399 14 4
399 25 4
399 26 4
399 44 4
399 50 5
399 64 4
399 65 4
399 69 4
399 70 4
399 71 4
399 83 4
399 97 4
399 100 5
399 117 4
399 127 4
399 133 4
399 135 4
399 143 4
399 144 4
399 147 4
399 151 4
399 153 4
399 154 4
399 157 4
399 161 4
399 162 4
399 172 4
399 173 4
399 174 4
399 181 4
399 194 4
399 196 4
399 197 4
399 198 4
399 199 4
399 202 4
399 204 4
399 210 4
399 225 4
399 248 4
399 257 5
399 272 4
399 273 4
399 275 4
399 276 4
399 280 4
399 282 4
399 294 4
399 302 4
399 312 3
399 315 4
399 316 4
399 321 4
399 322 3
399 328 4
399 342 4
399 356 4
399 357 4
399 365 4
399 371 4
399 385 4
399 404 4
399 430 4
399 435 4
399 451 4
399 462 4
399 471 4
399 473 4
399 477 4
399 478 4
399 481 4
399 483 4
399 485 4
399 486 4
399 493 4
399 499 4
399 501 4
399 507 4
399 508 4
399 509 4
399 511 4
399 515 4
399 519 4
399 520 4
399 527 4
399 528 4
399 535 3
399 553 4
399 566 4
399 582 4
399 588 4
399 603 4
399 604 4
399 609 4
399 630 3
399 632 4
399 638 4
399 651 4
399 654 4
399 655 4
399 659 4
399 661 4
399 684 4
399 707 4
399 724 4
399 735 4
399 748 4
399 762 4
399 815 4
399 866 4
399 892 3
400 7 5
400 9 4
400 10 3
400 12 5
400 13 5
400 16 3
400 19 4
400 25 5
400 42 4
400 50 5
400 111 5
400 116 3
400 117 5
400 124 5
400 126 3
400 127 5
400 135 4
400 151 3
400 182 4
400 204 4
400 235 4
400 237 5
400 245 4
400 255 3
400 257 3
400 273 4
400 276 5
400 286 5
400 455 4
400 471 4
400 475 4
400 476 4
400 479 5
400 480 4
400 483 5
400 511 5
400 515 5
400 529 3
400 628 4
400 696 4
400 864 4
